Loop0 ---------
15, 148, 0 
15, 146, 0 
15, 149, 0 
Loop1 ---------
16, 121, 0 
16, 120, 0 
16, 117, 0 
Loop2 ---------
16, 107, 0 
18, 148, 0 
18, 152, 0 
Loop3 ---------
17, 160, 0 
17, 156, 0 
17, 159, 0 
Loop4 ---------
18, 142, 0 
19, 162, 0 
20, 185, 0 
Loop5 ---------
17, 187, 0 
17, 173, 0 
17, 177, 0 
Loop6 ---------
20, 171, 0 
19, 174, 0 
20, 182, 0 
Loop7 ---------
17, 125, 0 
17, 120, 0 
18, 176, 0 
Loop8 ---------
19, 170, 0 
19, 174, 0 
18, 175, 0 
Loop9 ---------
20, 162, 0 
19, 152, 0 
19, 180, 0 
Loop10 ---------
16, 165, 0 
18, 168, 0 
17, 170, 0 
Loop11 ---------
19, 168, 0 
19, 185, 0 
19, 174, 0 
Loop12 ---------
19, 167, 0 
20, 178, 0 
19, 165, 0 
Loop13 ---------
18, 149, 0 
17, 131, 0 
17, 146, 0 
Loop14 ---------
20, 157, 0 
20, 157, 0 
20, 166, 0 
Loop15 ---------
18, 116, 0 
17, 123, 0 
18, 142, 0 
Loop16 ---------
20, 171, 0 
19, 170, 0 
19, 163, 1 
Loop17 ---------
17, 114, 0 
17, 110, 0 
16, 141, 0 
Loop18 ---------
19, 196, 0 
19, 191, 0 
19, 182, 0 
Loop19 ---------
20, 156, 0 
19, 156, 0 
20, 161, 0 
