Loop0 ---------
9, 111, 0 
10, 121, 0 
15, 134, 0 
Loop1 ---------
16, 144, 0 
16, 142, 0 
16, 148, 0 
Loop2 ---------
11, 145, 0 
18, 158, 0 
18, 152, 0 
Loop3 ---------
10, 129, 0 
17, 150, 0 
17, 138, 0 
Loop4 ---------
10, 119, 0 
11, 129, 0 
17, 147, 0 
Loop5 ---------
19, 192, 0 
20, 197, 0 
19, 193, 0 
Loop6 ---------
10, 122, 0 
17, 134, 0 
16, 140, 0 
Loop7 ---------
18, 163, 0 
18, 155, 0 
18, 158, 0 
Loop8 ---------
10, 113, 0 
10, 109, 0 
10, 120, 0 
Loop9 ---------
11, 135, 0 
17, 153, 0 
18, 139, 0 
Loop10 ---------
16, 149, 0 
16, 146, 0 
16, 150, 0 
Loop11 ---------
11, 128, 0 
18, 152, 0 
17, 159, 0 
Loop12 ---------
18, 164, 0 
18, 154, 0 
19, 164, 0 
Loop13 ---------
19, 164, 0 
20, 161, 0 
20, 167, 0 
Loop14 ---------
10, 119, 0 
16, 134, 0 
15, 129, 0 
Loop15 ---------
19, 185, 0 
19, 173, 0 
19, 172, 0 
Loop16 ---------
11, 128, 0 
10, 130, 0 
16, 140, 0 
Loop17 ---------
12, 145, 0 
17, 157, 0 
18, 185, 0 
Loop18 ---------
11, 126, 0 
10, 120, 0 
10, 117, 0 
Loop19 ---------
20, 165, 0 
20, 153, 0 
20, 157, 0 
