Loop0 ---------
15, 22, 144 
15, 43, 155 
15, 32, 144 
Loop1 ---------
15, 35, 145 
15, 35, 137 
16, 43, 146 
Loop2 ---------
17, 39, 184 
18, 38, 168 
18, 38, 165 
Loop3 ---------
17, 37, 183 
18, 41, 184 
17, 51, 163 
Loop4 ---------
16, 43, 163 
17, 49, 187 
17, 40, 170 
Loop5 ---------
18, 32, 159 
18, 43, 148 
18, 44, 173 
Loop6 ---------
17, 40, 176 
18, 45, 194 
17, 46, 189 
Loop7 ---------
16, 45, 174 
16, 34, 165 
16, 53, 155 
Loop8 ---------
16, 41, 157 
17, 50, 209 
17, 36, 183 
Loop9 ---------
17, 36, 189 
17, 43, 187 
17, 44, 151 
Loop10 ---------
16, 59, 141 
17, 35, 162 
17, 38, 172 
Loop11 ---------
18, 36, 166 
18, 44, 197 
18, 54, 209 
Loop12 ---------
17, 51, 135 
18, 42, 193 
17, 49, 162 
Loop13 ---------
19, 38, 193 
19, 45, 187 
19, 43, 220 
Loop14 ---------
15, 36, 170 
18, 37, 193 
17, 45, 188 
Loop15 ---------
17, 36, 180 
19, 45, 178 
19, 42, 174 
Loop16 ---------
16, 43, 167 
16, 35, 176 
16, 38, 156 
Loop17 ---------
18, 41, 161 
18, 49, 171 
19, 44, 194 
Loop18 ---------
17, 52, 196 
17, 44, 168 
17, 49, 174 
Loop19 ---------
18, 52, 203 
19, 57, 188 
19, 52, 190 
