Loop0 ---------
9, 27, 129 
9, 29, 111 
9, 29, 143 
Loop1 ---------
12, 47, 165 
13, 44, 146 
13, 41, 172 
Loop2 ---------
13, 52, 181 
13, 31, 186 
13, 32, 192 
Loop3 ---------
12, 31, 150 
12, 35, 162 
12, 37, 153 
Loop4 ---------
13, 50, 207 
14, 51, 193 
13, 32, 152 
Loop5 ---------
10, 29, 133 
10, 42, 154 
10, 28, 129 
Loop6 ---------
14, 41, 185 
14, 53, 195 
14, 30, 189 
Loop7 ---------
14, 58, 178 
14, 49, 187 
14, 39, 176 
Loop8 ---------
12, 49, 179 
13, 36, 169 
12, 53, 153 
Loop9 ---------
13, 46, 188 
14, 46, 176 
14, 43, 204 
Loop10 ---------
10, 47, 148 
10, 37, 155 
10, 26, 126 
Loop11 ---------
13, 49, 144 
13, 50, 172 
14, 39, 192 
Loop12 ---------
14, 45, 186 
14, 53, 186 
14, 42, 183 
Loop13 ---------
14, 34, 173 
13, 44, 156 
13, 38, 184 
Loop14 ---------
15, 49, 186 
15, 60, 200 
15, 53, 185 
Loop15 ---------
13, 55, 177 
13, 49, 184 
14, 37, 197 
Loop16 ---------
14, 54, 187 
14, 36, 178 
14, 47, 184 
Loop17 ---------
14, 48, 194 
14, 45, 182 
15, 55, 152 
Loop18 ---------
12, 49, 156 
12, 33, 195 
12, 35, 156 
Loop19 ---------
15, 52, 202 
15, 55, 186 
15, 52, 191 
